-1.388514, -2.008245, -1.851842, -0.998446, 1.868964, -3.606083
-1.388514, -2.008245, -1.851842, -0.998446, 1.868964, -3.606083
-1.383328, -2.020379, -1.865007, -0.971569, 1.869716, -3.600714
-1.383328, -2.020379, -1.865007, -0.971569, 1.869716, -3.600714
-1.386931, -2.012067, -1.886445, -0.930110, 1.880038, -3.507924
-1.390301, -2.003468, -1.909130, -0.887473, 1.890345, -3.414453
-1.393611, -1.999916, -1.918353, -0.874894, 1.901487, -3.385923
-1.396904, -1.996830, -1.927332, -0.861098, 1.912498, -3.356094
-1.400150, -1.994161, -1.935967, -0.846773, 1.923345, -3.326548
-1.403381, -1.991957, -1.943895, -0.833217, 1.934196, -3.299885
-1.406597, -1.990077, -1.951377, -0.820113, 1.945060, -3.275416
-1.409761, -1.988340, -1.958899, -0.806407, 1.955805, -3.251067
-1.412870, -1.986731, -1.966471, -0.792144, 1.966435, -3.226933
-1.415920, -1.985269, -1.973981, -0.777683, 1.976957, -3.203648
-1.418944, -1.983990, -1.981284, -0.763460, 1.987498, -3.181958
-1.421946, -1.982889, -1.988339, -0.749663, 1.998090, -3.162108
-1.424901, -1.981888, -1.995382, -0.735735, 2.008637, -3.143045 
-1.427784, -1.980936, -2.002587, -0.721221, 2.019050, -3.123953
-1.430589, -1.980039, -2.009955, -0.706091, 2.029315, -3.104772
-1.433313, -1.979201, -2.017506, -0.690266, 2.039417, -3.085367
-1.435951, -1.978432, -2.025224, -0.673759, 2.049342, -3.065759
-1.438488, -1.977734, -2.033109, -0.656545, 2.059045, -3.045887
-1.440936, -1.977127, -2.041146, -0.638628, 2.068559, -3.025780
-1.443276, -1.976614, -2.049317, -0.620033, 2.077828, -3.005445
-1.445507, -1.976203, -2.057628, -0.600709, 2.086844, -2.984806
-1.447624, -1.975908, -2.066062, -0.580672, 2.095594, -2.963881
-1.449621, -1.975735, -2.074628, -0.559856, 2.104051, -2.942572
-1.451493, -1.975697, -2.083293, -0.538329, 2.112202, -2.920965
-1.453231, -1.975800, -2.092034, -0.516134, 2.120014, -2.899091
-1.454841, -1.976060, -2.100837, -0.493268, 2.127504, -2.876957
-1.456308, -1.976480, -2.109697, -0.469728, 2.134619, -2.854523
-1.457631, -1.977073, -2.118615, -0.445466, 2.141354, -2.831729
-1.458797, -1.977840, -2.127569, -0.420535, 2.147664, -2.808605
-1.459821, -1.978798, -2.136509, -0.395057, 2.153591, -2.785318
-1.460708, -1.979955, -2.145390, -0.369162, 2.159156, -2.762022
-1.461465, -1.981315, -2.154168, -0.342977, 2.164381, -2.738854
-1.462090, -1.982881, -2.162853, -0.316466, 2.169250, -2.715746
-1.462582, -1.984653, -2.171433, -0.289652, 2.173760, -2.692705
-1.462946, -1.986633, -2.179891, -0.262589, 2.177918, -2.669773
-1.463192, -1.988817, -2.188186, -0.235425, 2.181759, -2.647108
-1.463355, -1.991212, -2.196259, -0.208355, 2.185401, -2.624971
-1.463352, -1.993688, -2.204061, -0.181764, 2.188560, -2.603445
-1.463040, -1.995956, -2.211440, -0.156668, 2.190744, -2.582980
-1.462892, -1.998721, -2.218700, -0.130905, 2.193554, -2.562908
-1.462768, -2.001784, -2.225767, -0.105023, 2.196509, -2.543321
-1.462674, -2.005040, -2.232487, -0.079753, 2.199629, -2.524847
-1.462671, -2.008486, -2.238786, -0.055376, 2.203125, -2.507849
-1.462797, -2.012133, -2.244653, -0.031918, 2.207119, -2.492388
-1.463071, -2.015973, -2.250089, -0.009401, 2.211672, -2.478469
-1.463516, -2.020001, -2.255088, 0.012135, 2.216857, -2.466120
-1.464087, -2.024209, -2.259739, 0.033003, 2.222510, -2.454897
-1.464607, -2.028546, -2.264273, 0.053940, 2.228012, -2.443681
-1.464948, -2.032990, -2.268854, 0.075525, 2.232906, -2.431661
-1.465081, -2.037524, -2.273500, 0.097787, 2.237090, -2.418757
-1.464996, -2.042136, -2.278203, 0.120687, 2.240530, -2.405000
-1.464680, -2.046826, -2.282970, 0.144249, 2.243180, -2.390360
-1.464131, -2.051574, -2.287781, 0.168354, 2.245032, -2.374946
-1.463365, -2.056375, -2.292605, 0.192858, 2.246155, -2.358933
-1.462402, -2.061224, -2.297413, 0.217647, 2.246612, -2.342471
-1.461222, -2.066097, -2.302213, 0.242673, 2.246345, -2.325561
-1.459816, -2.070979, -2.307010, 0.267904, 2.245324, -2.308218
-1.458161, -2.075862, -2.311824, 0.293376, 2.243478, -2.290382
-1.456046, -2.080687, -2.316861, 0.319653, 2.240090, -2.271186
-1.453196, -2.085287, -2.322343, 0.347042, 2.234272, -2.249852
-1.449527, -2.089417, -2.328257, 0.374756, 2.225852, -2.226840
-1.445337, -2.093644, -2.334463, 0.403527, 2.215964, -2.202582
-1.440751, -2.097859, -2.340782, 0.432371, 2.205150, -2.178127
-1.435667, -2.101947, -2.347275, 0.461127, 2.193157, -2.153426
-1.429689, -2.106081, -2.354330, 0.491359, 2.178837, -2.126844
-1.423104, -2.113507, -2.362267, 0.531894, 2.163524, -2.094747
-1.414911, -2.118875, -2.370780, 0.568115, 2.144343, -2.063396
-1.406688, -2.123794, -2.378921, 0.600894, 2.126753, -2.035912
-1.398289, -2.123463, -2.386353, 0.617146, 2.110461, -2.018101
-1.390402, -2.123359, -2.392853, 0.632164, 2.094451, -2.000981
-1.390402, -2.123359, -2.392853, 0.632164, 2.094451, -2.000981
-1.370461, -1.835043, -2.241058, -0.438412, 1.838021, -2.492160
-1.364426, -1.860750, -2.244295, -0.407852, 1.836830, -2.486028
-1.364426, -1.860750, -2.244295, -0.407852, 1.836830, -2.486028
-1.352993, -1.855788, -2.260758, -0.370773, 1.813807, -2.381055
-1.340043, -1.851057, -2.277560, -0.333559, 1.789742, -2.275215
-1.335175, -1.849833, -2.287206, -0.310228, 1.786315, -2.237955
-1.330424, -1.849048, -2.296545, -0.286601, 1.781810, -2.199973
-1.325826, -1.848661, -2.305511, -0.263057, 1.776711, -2.162813
-1.321622, -1.848716, -2.313987, -0.239929, 1.772009, -2.128993
-1.317640, -1.849122, -2.322125, -0.217027, 1.767508, -2.097686
-1.313535, -1.849748, -2.330128, -0.194068, 1.762420, -2.066764
-1.309294, -1.850586, -2.338002, -0.171074, 1.756788, -2.036313
-1.304985, -1.851643, -2.345691, -0.148203, 1.750870, -2.006968
-1.300725, -1.852961, -2.353169, -0.125445, 1.745030, -1.979422
-1.296546, -1.854541, -2.360427, -0.102822, 1.739417, -1.953881
-1.292267, -1.856319, -2.367552, -0.080240, 1.733603, -1.929301
-1.287750, -1.858249, -2.374596, -0.057661, 1.727232, -1.904902
-1.282983, -1.860328, -2.381558, -0.035104, 1.720283, -1.880647
-1.277945, -1.862552, -2.388441, -0.012576, 1.712699, -1.856427
-1.272640, -1.864918, -2.395235, 0.009882, 1.704491, -1.832286
-1.267056, -1.867414, -2.401925, 0.032194, 1.695630, -1.808197
-1.261203, -1.870054, -2.408517, 0.054402, 1.686141, -1.784195
-1.255082, -1.872821, -2.414986, 0.076395, 1.676029, -1.760320
-1.248681, -1.875712, -2.421336, 0.098169, 1.665265, -1.736518
-1.242009, -1.878725, -2.427557, 0.119689, 1.653865, -1.712821
-1.235047, -1.881852, -2.433651, 0.140930, 1.641786, -1.689158
-1.227818, -1.885091, -2.439600, 0.161839, 1.629083, -1.665623
-1.220335, -1.888427, -2.445389, 0.182347, 1.615785, -1.642262
-1.212605, -1.891871, -2.451021, 0.202476, 1.601909, -1.619081
-1.204628, -1.895400, -2.456484, 0.222147, 1.587448, -1.596060
-1.196396, -1.899018, -2.461783, 0.241368, 1.572379, -1.573145
-1.187924, -1.902703, -2.466900, 0.260052, 1.556735, -1.550371
-1.179260, -1.906473, -2.471830, 0.278230, 1.540630, -1.527879
-1.170453, -1.910331, -2.476562, 0.295896, 1.524171, -1.505794
-1.161546, -1.914279, -2.481086, 0.313051, 1.507463, -1.484222
-1.152535, -1.918311, -2.485408, 0.329692, 1.490485, -1.463095
-1.143432, -1.922422, -2.489528, 0.345817, 1.473259, -1.442406
-1.134260, -1.926609, -2.493444, 0.361428, 1.455832, -1.422178
-1.125071, -1.930875, -2.497150, 0.376539, 1.438323, -1.402528
-1.115942, -1.935259, -2.500651, 0.391283, 1.420910, -1.383661
-1.106940, -1.939551, -2.503859, 0.405066, 1.403752, -1.365594
-1.098274, -1.943340, -2.506595, 0.416729, 1.387353, -1.348573
-1.089584, -1.947746, -2.509381, 0.429661, 1.370829, -1.332247
-1.080956, -1.952445, -2.512069, 0.442888, 1.354381, -1.316645
-1.072594, -1.957343, -2.514591, 0.456177, 1.338506, -1.302256
-1.064603, -1.962500, -2.516958, 0.469761, 1.323460, -1.289388
-1.057005, -1.967962, -2.519191, 0.483826, 1.309302, -1.278105
-1.049811, -1.973744, -2.521302, 0.498457, 1.296063, -1.268414
-1.043040, -1.979867, -2.523299, 0.513753, 1.283792, -1.260344
-1.036580, -1.986277, -2.525187, 0.529566, 1.272221, -1.253515
-1.030143, -1.992743, -2.526944, 0.545185, 1.260638, -1.246934
-1.023511, -1.999107, -2.528560, 0.560109, 1.248500, -1.239883
-1.016667, -2.005319, -2.530026, 0.574199, 1.235752, -1.232274
-1.009619, -2.011357, -2.531338, 0.587399, 1.222407, -1.224109
-1.002360, -2.017206, -2.532497, 0.599661, 1.208435, -1.215348
-0.994922, -2.022845, -2.533497, 0.610939, 1.193908, -1.206045
-0.987356, -2.028291, -2.534339, 0.621303, 1.178941, -1.196327
-0.979705, -2.033564, -2.535027, 0.630823, 1.163633, -1.186300
-0.971973, -2.038627, -2.535556, 0.639400, 1.147986, -1.175918
-0.964166, -2.043460, -2.535925, 0.646988, 1.132005, -1.165150
-0.956267, -2.048043, -2.536133, 0.653506, 1.115637, -1.153902
-0.948032, -2.052115, -2.536147, 0.658080, 1.098243, -1.141247
-0.939247, -2.055281, -2.535901, 0.659461, 1.079278, -1.126164
-0.930068, -2.057289, -2.535338, 0.657034, 1.059170, -1.108676
-0.920508, -2.059017, -2.534546, 0.652921, 1.037959, -1.089671
-0.910878, -2.060533, -2.533515, 0.647519, 1.016487, -1.070000
-0.901176, -2.061666, -2.532203, 0.640330, 0.994778, -1.049408
-0.890884, -2.062277, -2.530517, 0.630246, 0.971482, -1.026206
-0.878265, -2.065851, -2.528618, 0.623698, 0.941922, -0.999970
-0.866132, -2.066557, -2.525896, 0.608906, 0.913905, -0.970920
-0.854972, -2.067449, -2.522775, 0.594822, 0.889072, -0.944908
-0.847307, -2.063957, -2.519083, 0.574016, 0.875119, -0.923635
-0.840669, -2.060568, -2.515596, 0.553746, 0.861993, -0.902967
-0.840669, -2.060568, -2.515596, 0.553746, 0.861993, -0.902967
-1.056497, -1.734596, -2.427081, -0.245703, 1.439915, -1.177826
-1.060052, -1.770098, -2.425502, -0.211336, 1.440983, -1.181245
-1.060052, -1.770098, -2.425502, -0.211336, 1.440983, -1.181245
-1.043893, -1.767081, -2.420252, -0.236142, 1.409666, -1.075845
-1.027523, -1.765348, -2.413607, -0.262177, 1.378791, -0.969423
-1.018252, -1.766849, -2.412912, -0.261722, 1.362664, -0.931149
-1.009261, -1.768142, -2.412256, -0.262508, 1.346135, -0.892060
-1.000612, -1.769345, -2.411645, -0.264004, 1.329598, -0.853715
-0.992414, -1.770634, -2.411293, -0.264926, 1.313522, -0.818654
-0.984520, -1.772016, -2.411074, -0.265550, 1.297740, -0.786073
-0.976735, -1.773403, -2.410699, -0.266941, 1.281890, -0.753834
-0.969056, -1.774815, -2.410156, -0.269053, 1.266009, -0.722015
-0.961541, -1.776290, -2.409497, -0.271564, 1.250259, -0.691266
-0.954210, -1.777885, -2.408839, -0.273956, 1.234719, -0.662293
-0.947070, -1.779624, -2.408212, -0.276031, 1.219431, -0.635329
-0.940046, -1.781460, -2.407461, -0.278375, 1.204246, -0.609308
-0.933095, -1.783349, -2.406458, -0.281477, 1.189069, -0.583416
-0.926224, -1.785288, -2.405196, -0.285367, 1.173914, -0.557595
-0.919434, -1.787271, -2.403656, -0.290122, 1.158778, -0.531711
-0.912741, -1.789298, -2.401838, -0.295734, 1.143694, -0.505790
-0.906164, -1.791361, -2.399724, -0.302257, 1.128706, -0.479790
-0.899700, -1.793468, -2.397331, -0.309642, 1.113799, -0.453721
-0.893378, -1.795613, -2.394649, -0.317905, 1.099043, -0.427614
-0.887199, -1.797794, -2.391666, -0.327088, 1.084438, -0.401390
-0.881173, -1.800012, -2.388387, -0.337171, 1.070011, -0.375067
-0.875305, -1.802264, -2.384792, -0.348221, 1.055772, -0.348548
-0.869612, -1.804554, -2.380896, -0.360172, 1.041762, -0.321923
-0.864111, -1.806881, -2.376700, -0.372999, 1.028028, -0.295236
-0.858796, -1.809251, -2.372215, -0.386672, 1.014559, -0.268476
-0.853684, -1.811659, -2.367425, -0.401222, 1.001401, -0.241617
-0.848769, -1.814110, -2.362324, -0.416678, 0.988543, -0.214583
-0.844069, -1.816603, -2.356910, -0.433014, 0.976041, -0.187418
-0.839582, -1.819151, -2.351229, -0.450069, 0.963890, -0.160274
-0.835309, -1.821761, -2.345319, -0.467696, 0.952103, -0.133296
-0.831252, -1.824439, -2.339220, -0.485754, 0.940690, -0.106615
-0.827404, -1.827183, -2.332920, -0.504277, 0.929645, -0.080155
-0.823761, -1.829996, -2.326428, -0.523238, 0.918966, -0.053914
-0.820319, -1.832880, -2.319759, -0.542578, 0.908654, -0.027926
-0.817075, -1.835835, -2.312962, -0.562134, 0.898707, -0.002343
-0.814006, -1.838871, -2.306122, -0.581640, 0.889067, 0.022602
-0.811214, -1.841926, -2.299227, -0.600995, 0.880047, 0.046688
-0.808903, -1.844877, -2.292330, -0.619714, 0.872268, 0.069181
-0.806449, -1.848039, -2.285518, -0.638396, 0.863903, 0.091565
-0.804030, -1.851315, -2.278747, -0.656961, 0.855475, 0.113516
-0.801696, -1.854654, -2.272188, -0.674781, 0.847138, 0.134313
-0.799414, -1.858048, -2.265981, -0.691479, 0.838787, 0.153616
-0.797148, -1.861491, -2.260180, -0.706959, 0.830328, 0.171386
-0.794884, -1.864971, -2.254813, -0.721176, 0.821715, 0.187622
-0.792602, -1.868478, -2.249917, -0.734061, 0.812896, 0.202301
-0.790317, -1.872004, -2.245363, -0.746015, 0.803925, 0.215859
-0.788116, -1.875537, -2.240761, -0.758130, 0.795110, 0.229356
-0.786064, -1.879078, -2.235812, -0.771232, 0.786670, 0.243580
-0.784176, -1.882625, -2.230474, -0.785417, 0.778670, 0.258608
-0.782459, -1.886183, -2.224738, -0.800670, 0.771139, 0.274414
-0.780918, -1.889762, -2.218582, -0.817037, 0.764101, 0.291038
-0.779557, -1.893363, -2.212025, -0.834415, 0.757577, 0.308375
-0.778365, -1.896995, -2.205121, -0.852625, 0.751539, 0.326258
-0.777331, -1.900664, -2.197918, -0.871514, 0.745951, 0.344553
-0.776465, -1.904374, -2.190400, -0.891076, 0.740859, 0.363253
-0.775768, -1.908135, -2.182559, -0.911295, 0.736278, 0.382351
-0.775249, -1.911960, -2.174357, -0.932235, 0.732242, 0.401916
-0.775011, -1.915902, -2.165385, -0.954834, 0.729139, 0.422798
-0.775208, -1.920018, -2.155215, -0.979869, 0.727511, 0.445683
-0.775913, -1.924298, -2.143936, -1.006666, 0.727581, 0.469926
-0.776861, -1.928947, -2.131777, -1.035000, 0.728364, 0.495447
-0.778008, -1.933903, -2.119154, -1.063622, 0.729637, 0.521074
-0.779413, -1.939174, -2.105995, -1.092487, 0.731575, 0.546750
-0.781209, -1.945055, -2.091454, -1.123472, 0.734601, 0.574218
-0.782696, -1.953056, -2.073794, -1.162875, 0.736031, 0.609305
-0.785234, -1.961149, -2.055420, -1.199919, 0.740460, 0.641780
-0.787822, -1.969303, -2.038154, -1.232109, 0.744030, 0.669360
-0.791260, -1.975182, -2.025068, -1.248893, 0.749457, 0.682504
-0.794486, -1.980475, -2.013003, -1.265359, 0.755008, 0.695824
-0.794486, -1.980475, -2.013003, -1.265359, 0.755008, 0.695824
-0.884814, -1.820843, -2.178370, -0.734197, 1.240343, 0.064704
-0.891934, -1.843220, -2.184629, -0.703119, 1.240202, 0.057179
-0.891934, -1.843220, -2.184629, -0.703119, 1.240202, 0.057179
-0.894974, -1.849489, -2.162568, -0.749318, 1.244618, 0.151824
-0.898743, -1.857378, -2.139144, -0.794983, 1.249091, 0.245680
-0.898581, -1.862458, -2.128208, -0.813847, 1.242985, 0.279433
-0.898369, -1.867333, -2.117453, -0.833593, 1.237559, 0.314453
-0.898117, -1.872048, -2.106987, -0.853557, 1.232587, 0.349120
-0.897692, -1.876578, -2.097142, -0.872733, 1.227476, 0.381088
-0.897179, -1.881025, -2.087673, -0.891415, 1.222303, 0.410958
-0.896759, -1.885529, -2.078130, -0.910395, 1.217510, 0.440489
-0.896437, -1.890107, -2.068502, -0.929620, 1.213064, 0.469571
-0.896184, -1.894733, -2.058906, -0.948784, 1.208833, 0.497610
-0.895924, -1.899382, -2.049463, -0.967621, 1.204560, 0.524031
-0.895641, -1.904044, -2.040215, -0.986012, 1.200154, 0.548638
-0.895430, -1.908787, -2.030946, -1.004338, 1.195861, 0.572295
-0.895363, -1.913660, -2.021494, -1.022883, 1.191890, 0.595650
-0.895443, -1.918664, -2.011855, -1.041645, 1.188250, 0.618739
-0.895679, -1.923809, -2.002009, -1.060658, 1.184968, 0.641659
-0.896066, -1.929089, -1.991969, -1.079884, 1.182040, 0.664374
-0.896614, -1.934501, -1.981742, -1.099295, 1.179496, 0.686894
-0.897309, -1.940048, -1.971328, -1.118895, 1.177296, 0.709215
-0.898155, -1.945716, -1.960755, -1.138614, 1.175460, 0.731283
-0.899154, -1.951511, -1.950011, -1.158469, 1.173998, 0.753152
-0.900301, -1.957427, -1.939110, -1.178430, 1.172899, 0.774793
-0.901603, -1.963469, -1.928037, -1.198512, 1.172187, 0.796267
-0.903050, -1.969624, -1.916827, -1.218652, 1.171836, 0.817492
-0.904639, -1.975876, -1.905506, -1.238790, 1.171842, 0.838421
-0.906360, -1.982229, -1.894073, -1.258937, 1.172181, 0.859063
-0.908218, -1.988673, -1.882541, -1.279058, 1.172874, 0.879420
-0.910213, -1.995216, -1.870895, -1.299180, 1.173924, 0.899543
-0.912345, -2.001839, -1.859165, -1.319242, 1.175332, 0.919385
-0.914585, -2.008528, -1.847389, -1.339195, 1.177024, 0.938852
-0.916912, -2.015262, -1.835612, -1.358977, 1.178939, 0.957852
-0.919306, -2.022021, -1.823875, -1.378529, 1.181023, 0.976307
-0.921769, -2.028808, -1.812165, -1.397877, 1.183288, 0.994275
-0.924297, -2.035618, -1.800489, -1.417017, 1.185723, 1.011767
-0.926880, -2.042441, -1.788862, -1.435931, 1.188306, 1.028769
-0.929496, -2.049254, -1.777330, -1.454562, 1.190975, 1.045201
-0.932101, -2.056038, -1.765941, -1.472870, 1.193605, 1.060951
-0.934728, -2.062664, -1.754864, -1.490476, 1.196293, 1.075844
-0.937407, -2.068841, -1.744507, -1.506516, 1.199128, 1.089372
-0.939956, -2.075275, -1.733905, -1.523208, 1.201588, 1.102761
-0.942437, -2.081773, -1.723313, -1.539944, 1.203857, 1.115723
-0.944794, -2.088182, -1.712988, -1.556297, 1.205769, 1.127832
-0.946965, -2.094468, -1.703002, -1.572207, 1.207148, 1.138939
-0.948927, -2.100641, -1.693352, -1.587723, 1.207927, 1.149061
-0.950671, -2.106697, -1.684039, -1.602862, 1.208081, 1.158231
-0.952183, -2.112635, -1.675070, -1.617635, 1.207573, 1.166472
-0.953525, -2.118494, -1.666350, -1.632149, 1.206582, 1.174033
-0.954876, -2.124343, -1.657677, -1.646544, 1.205641, 1.181442
-0.956368, -2.130243, -1.648887, -1.660948, 1.205138, 1.189072
-0.958020, -2.136189, -1.639974, -1.675340, 1.205130, 1.196942
-0.959833, -2.142172, -1.630951, -1.689693, 1.205621, 1.205025
-0.961813, -2.148197, -1.621805, -1.704016, 1.206633, 1.213328
-0.963952, -2.154242, -1.612571, -1.718253, 1.208139, 1.221791
-0.966225, -2.160292, -1.603286, -1.732372, 1.210066, 1.230334
-0.968609, -2.166336, -1.593976, -1.746353, 1.212346, 1.238897
-0.971113, -2.172363, -1.584653, -1.760165, 1.215002, 1.247474
-0.973738, -2.178368, -1.575318, -1.773797, 1.218041, 1.256065
-0.976500, -2.184360, -1.565954, -1.787268, 1.221504, 1.264704
-0.979569, -2.190399, -1.556381, -1.800653, 1.225893, 1.273755
-0.983143, -2.196484, -1.546494, -1.813851, 1.231742, 1.283501
-0.987222, -2.202452, -1.536521, -1.826426, 1.238980, 1.293675
-0.991626, -2.208631, -1.526151, -1.839269, 1.247000, 1.304294
-0.996208, -2.214866, -1.515679, -1.852035, 1.255295, 1.314858
-1.001022, -2.221109, -1.505146, -1.864571, 1.263955, 1.325354
-1.006379, -2.227674, -1.493992, -1.877477, 1.273780, 1.336544
-1.012440, -2.236953, -1.479110, -1.896415, 1.284888, 1.350659
-1.019158, -2.245125, -1.465463, -1.912014, 1.296928, 1.363654
-1.025591, -2.252815, -1.452740, -1.926211, 1.306790, 1.374401
-1.031385, -2.256563, -1.445491, -1.930854, 1.313258, 1.379431
-1.036660, -2.259887, -1.439031, -1.935270, 1.320129, 1.384794
-1.036660, -2.259887, -1.439031, -1.935270, 1.320129, 1.384794
-1.006084, -2.022457, -1.788626, -1.180647, 1.390675, 1.012516
-1.009169, -2.032447, -1.803693, -1.155048, 1.389826, 1.009501
-1.009169, -2.032447, -1.803693, -1.155048, 1.389826, 1.009501
-1.020079, -2.038630, -1.788725, -1.176024, 1.413525, 1.088946
-1.031721, -2.045240, -1.773543, -1.197138, 1.436784, 1.167582
-1.036609, -2.050140, -1.763120, -1.214470, 1.441334, 1.193967
-1.041287, -2.055056, -1.752821, -1.231689, 1.446822, 1.221381
-1.045730, -2.059946, -1.742734, -1.248649, 1.452746, 1.248381
-1.049776, -2.064789, -1.732916, -1.265375, 1.458238, 1.272888
-1.053569, -2.069622, -1.723267, -1.281940, 1.463442, 1.295405
-1.057360, -2.074483, -1.713679, -1.298351, 1.468971, 1.317455
-1.061159, -2.079372, -1.704152, -1.314611, 1.474771, 1.338943
-1.064913, -2.084262, -1.694735, -1.330678, 1.480614, 1.359370
-1.068552, -2.089165, -1.685408, -1.346645, 1.486218, 1.378224
-1.072060, -2.094078, -1.676175, -1.362528, 1.491465, 1.395347
-1.075557, -2.099011, -1.666998, -1.378301, 1.496671, 1.411495
-1.079131, -2.103967, -1.657863, -1.393930, 1.502093, 1.427238
-1.082785, -2.108942, -1.648775, -1.409411, 1.507738, 1.442613
-1.086529, -2.113936, -1.639733, -1.424743, 1.513641, 1.457708
-1.090358, -2.118941, -1.630749, -1.439913, 1.519785, 1.472503
-1.094273, -2.123942, -1.621848, -1.454880, 1.526179, 1.487024
-1.098267, -2.128950, -1.613011, -1.469693, 1.532805, 1.501261
-1.102336, -2.133943, -1.604277, -1.484291, 1.539648, 1.515192
-1.106483, -2.138920, -1.595642, -1.498683, 1.546726, 1.528868
-1.110703, -2.143877, -1.587117, -1.512864, 1.554023, 1.542274
-1.115005, -2.148810, -1.578705, -1.526827, 1.561568, 1.555470
-1.119373, -2.153709, -1.570423, -1.540559, 1.569319, 1.568398
-1.123800, -2.158558, -1.562296, -1.554030, 1.577254, 1.581039
-1.128281, -2.163367, -1.554310, -1.567273, 1.585367, 1.593397
-1.132818, -2.168117, -1.546490, -1.580247, 1.593663, 1.605495
-1.137416, -2.172814, -1.538830, -1.592972, 1.602161, 1.617374
-1.142067, -2.177440, -1.531358, -1.605406, 1.610841, 1.629021
-1.146748, -2.182000, -1.524063, -1.617590, 1.619637, 1.640349
-1.151437, -2.186492, -1.516948, -1.629534, 1.628486, 1.651286
-1.156112, -2.190913, -1.510014, -1.641251, 1.637330, 1.661770
-1.160782, -2.195266, -1.503259, -1.652743, 1.646191, 1.671855
-1.165444, -2.199549, -1.496681, -1.664016, 1.655063, 1.681552
-1.170089, -2.203761, -1.490280, -1.675078, 1.663926, 1.690852
-1.174696, -2.207902, -1.484054, -1.685940, 1.672715, 1.699691
-1.179229, -2.211994, -1.477963, -1.696687, 1.681324, 1.707946
-1.183664, -2.215886, -1.472227, -1.706925, 1.689681, 1.715651
-1.187916, -2.219271, -1.467284, -1.715883, 1.697529, 1.722743
-1.192136, -2.223004, -1.461878, -1.725778, 1.705324, 1.729252
-1.196293, -2.226840, -1.456370, -1.735964, 1.712967, 1.735224
-1.200289, -2.230692, -1.450874, -1.746252, 1.720168, 1.740399
-1.204072, -2.234593, -1.445331, -1.756751, 1.726764, 1.744609
-1.207630, -2.238578, -1.439683, -1.767549, 1.732717, 1.747832
-1.210958, -2.242661, -1.433907, -1.778672, 1.738007, 1.750084
-1.214048, -2.246857, -1.427977, -1.790154, 1.742605, 1.751372
-1.216957, -2.251147, -1.421927, -1.801907, 1.746681, 1.751937
-1.219839, -2.255415, -1.415947, -1.813557, 1.750702, 1.752376
-1.222810, -2.259584, -1.410164, -1.824861, 1.755021, 1.753101
-1.225884, -2.263627, -1.404618, -1.835754, 1.759680, 1.754158
-1.229060, -2.267531, -1.399326, -1.846217, 1.764681, 1.755535
-1.232345, -2.271291, -1.394296, -1.856243, 1.770049, 1.757246
-1.235729, -2.274893, -1.389547, -1.865812, 1.775752, 1.759254
-1.239188, -2.278346, -1.385060, -1.874967, 1.781725, 1.761479
-1.242705, -2.281662, -1.380816, -1.883751, 1.787913, 1.763855
-1.246283, -2.284820, -1.376845, -1.892119, 1.794328, 1.766404
-1.249924, -2.287813, -1.373158, -1.900056, 1.800979, 1.769135
-1.253643, -2.290630, -1.369772, -1.907542, 1.807911, 1.772086
-1.257588, -2.293140, -1.366903, -1.914207, 1.815570, 1.775726
-1.261908, -2.295125, -1.364888, -1.919487, 1.824378, 1.780557
-1.266561, -2.296427, -1.363942, -1.923040, 1.834152, 1.786552
-1.271498, -2.297548, -1.363373, -1.926154, 1.844677, 1.793082
-1.276566, -2.298504, -1.363128, -1.928940, 1.855423, 1.799703
-1.281794, -2.299192, -1.363354, -1.931162, 1.866420, 1.806525
-1.287496, -2.299560, -1.364228, -1.932620, 1.878533, 1.814230
-1.294367, -2.301647, -1.363231, -1.938311, 1.893621, 1.821924
-1.301441, -2.301961, -1.364805, -1.939918, 1.908483, 1.830778
-1.308158, -2.302156, -1.366474, -1.941806, 1.921038, 1.837657
-1.313466, -2.299473, -1.371501, -1.937318, 1.927697, 1.843420
-1.318249, -2.296902, -1.376382, -1.932787, 1.934778, 1.849532
-1.318249, -2.296902, -1.376382, -1.932787, 1.934778, 1.849532
-1.217666, -2.110179, -1.632879, -1.290690, 1.651924, 1.809586
-1.216375, -2.116697, -1.651412, -1.265539, 1.652332, 1.810816
-1.216375, -2.116697, -1.651412, -1.265539, 1.652332, 1.810816
-1.226753, -2.113733, -1.657666, -1.253511, 1.677621, 1.889532
-1.237637, -2.110384, -1.664964, -1.241366, 1.702954, 1.968043
-1.243511, -2.110551, -1.664246, -1.246998, 1.714218, 1.991247
-1.249228, -2.110920, -1.663504, -1.251864, 1.726128, 2.015518
-1.254746, -2.111454, -1.662705, -1.256326, 1.738269, 2.039415
-1.259958, -2.112241, -1.661550, -1.261276, 1.750055, 2.060690
-1.264972, -2.113195, -1.660179, -1.266557, 1.761606, 2.079886
-1.269954, -2.114154, -1.658948, -1.271477, 1.773336, 2.098703
-1.274910, -2.115105, -1.657864, -1.276080, 1.785212, 2.117048
-1.279798, -2.116066, -1.656860, -1.280566, 1.797054, 2.134387
-1.284584, -2.117097, -1.655780, -1.285302, 1.808713, 2.150105
-1.289257, -2.118208, -1.654582, -1.290419, 1.820105, 2.164006
-1.293893, -2.119314, -1.653455, -1.295537, 1.831437, 2.176950
-1.298549, -2.120349, -1.652555, -1.300341, 1.842873, 2.189598
-1.303226, -2.121307, -1.651889, -1.304816, 1.854420, 2.201997
-1.307931, -2.122181, -1.651479, -1.308919, 1.866103, 2.214252
-1.312658, -2.122969, -1.651324, -1.312656, 1.877910, 2.226347
-1.317402, -2.123659, -1.651451, -1.315977, 1.889828, 2.238331
-1.322166, -2.124266, -1.651830, -1.318939, 1.901872, 2.250176
-1.326936, -2.124777, -1.652481, -1.321503, 1.914003, 2.261886
-1.331719, -2.125190, -1.653414, -1.323650, 1.926243, 2.273517
-1.336509, -2.125506, -1.654623, -1.325390, 1.938580, 2.285059
-1.341309, -2.125719, -1.656130, -1.326677, 1.951033, 2.296591
-1.346110, -2.125832, -1.657918, -1.327541, 1.963569, 2.308052
-1.350899, -2.125843, -1.659989, -1.327975, 1.976159, 2.319433
-1.355680, -2.125764, -1.662326, -1.328008, 1.988815, 2.330727
-1.360447, -2.125582, -1.664949, -1.327592, 2.001523, 2.341984
-1.365206, -2.125300, -1.667863, -1.326713, 2.014309, 2.353253
-1.369945, -2.124913, -1.671071, -1.325351, 2.027139, 2.364534
-1.374655, -2.124446, -1.674520, -1.323609, 2.039983, 2.375705
-1.379320, -2.123917, -1.678166, -1.321569, 2.052799, 2.386664
-1.383929, -2.123341, -1.681969, -1.319304, 2.065548, 2.397323
-1.388486, -2.122717, -1.685937, -1.316787, 2.078246, 2.407745
-1.392992, -2.122048, -1.690062, -1.314025, 2.090893, 2.417940
-1.397440, -2.121342, -1.694328, -1.311044, 2.103475, 2.427892
-1.401818, -2.120616, -1.698687, -1.307936, 2.115946, 2.437496
-1.406113, -2.119914, -1.703037, -1.304906, 2.128264, 2.446540
-1.410255, -2.119144, -1.707476, -1.301698, 2.140175, 2.455186
-1.414082, -2.118153, -1.712120, -1.297949, 2.151094, 2.463563
-1.418002, -2.117438, -1.716428, -1.295073, 2.162470, 2.470976
-1.421903, -2.116849, -1.720575, -1.292625, 2.173906, 2.477690
-1.425695, -2.116389, -1.724443, -1.290832, 2.185077, 2.483350
-1.429358, -2.116115, -1.727879, -1.290030, 2.195905, 2.487626
-1.432897, -2.116056, -1.730817, -1.290377, 2.206399, 2.490408
-1.436312, -2.116221, -1.733228, -1.291953, 2.216550, 2.491660
-1.439603, -2.116627, -1.735068, -1.294858, 2.226343, 2.491327
-1.442797, -2.117218, -1.736477, -1.298796, 2.235864, 2.489774
-1.445951, -2.117810, -1.737895, -1.302775, 2.245298, 2.488062
-1.449109, -2.118273, -1.739648, -1.306062, 2.254809, 2.486952
-1.452273, -2.118579, -1.741795, -1.308518, 2.264407, 2.486568
-1.455439, -2.118721, -1.744346, -1.310108, 2.274085, 2.486924
-1.458611, -2.118694, -1.747324, -1.310767, 2.283866, 2.488074
-1.461778, -2.118498, -1.750718, -1.310504, 2.293717, 2.489987
-1.464931, -2.118157, -1.754470, -1.309433, 2.303606, 2.492536
-1.468062, -2.117694, -1.758529, -1.307661, 2.313515, 2.495608
-1.471167, -2.117095, -1.762922, -1.305104, 2.323429, 2.499276
-1.474247, -2.116359, -1.767662, -1.301713, 2.333351, 2.503578
-1.477307, -2.115472, -1.772789, -1.297376, 2.343306, 2.508620
-1.480395, -2.114263, -1.778762, -1.290986, 2.353481, 2.515449
-1.483537, -2.112511, -1.786112, -1.281208, 2.363945, 2.525279
-1.486654, -2.110159, -1.794872, -1.267829, 2.374366, 2.538224
-1.489861, -2.107591, -1.804475, -1.252436, 2.385213, 2.552848
-1.493066, -2.104913, -1.814544, -1.235905, 2.396104, 2.568260
-1.496254, -2.102057, -1.825216, -1.217863, 2.406936, 2.584776
-1.499582, -2.098857, -1.837258, -1.196500, 2.418316, 2.604063
-1.504040, -2.096284, -1.850624, -1.173596, 2.434448, 2.624451
-1.508010, -2.092670, -1.865830, -1.145436, 2.448296, 2.648950
-1.511673, -2.089174, -1.880110, -1.120440, 2.460554, 2.669878
-1.513631, -2.084369, -1.892970, -1.098491, 2.464725, 2.687672
-1.515286, -2.080245, -1.904899, -1.076308, 2.468925, 2.706060
-1.515286, -2.080245, -1.904899, -1.076308, 2.468925, 2.706060
